请大家核对是否有遗漏，如果有请与助教联系：

151010025
151150032
151150034
161099091
171108017
171250681
171810143
171830001
171830004
171830005
171830007
171830009
171830010
171830013
171830015
171830018
171830021
171830023
171830027
171830028
171830029
171830032
171830033
171830035
171830036
171830040
171830041
171830042
171830044
171830049
171830052
171830053
171830056
171830057
171830060
171830062
171830064
171830065
171830068
171830080
171830083
171830091
171830507
171830516
171830517
171830518
171830522
171830523
171830536
171830540
171830548
171830553
171830554
171830561
171830564
171830573
171830581
171830590
171830603
171830606
171830612
171830625
171830628
171840014
171840540
171840609
171840633
171870582
171870649
171870707
